MEMORY
  total            14.0 MB
  struct          159.1 KB
  buffer          909.6 KB
  arena            13.0 MB, used 0.2%

SIZES
  narena                13631488
  nbuffer               931472
  nplugin               0
  maxuse_stack          1376
  maxuse_arena          29560
  maxuse_con            2
  maxuse_efc            14
  ncon                  2
  ne                    0
  nf                    6
  nl                    0
  nefc                  14
  nJ                    84
  nA                    0
  nisland               1
  nidof                 6
  threadpool            0

TIMER
    0:  duration =  0          number = 0
    1:  duration =  0.46       number = 6
    2:  duration =  0          number = 0
    3:  duration =  0.43       number = 6
    4:  duration =  0.0048     number = 6
    5:  duration =  0          number = 0
    6:  duration =  0.022      number = 6
    7:  duration =  0          number = 0
    8:  duration =  0.025      number = 6
    9:  duration =  0.0042     number = 6
    10:  duration =  0.37       number = 6
    11:  duration =  0.022      number = 6
    12:  duration =  0.0002     number = 6
    13:  duration =  0.037      number = 6
    14:  duration =  0.15       number = 6

SOLVER STAT
  solver_fwdinv =   0         0       
  ISLAND 0
    solver_niter = 2
    solver_nnz = 36
      0:  improvement =  2.8e+02     gradient =  2.4         lineslope =  2.4e-16 
          nactive = 14   nchange = 3   neval = 3   nupdate = 2
      1:  improvement =  11          gradient =  1.7e-10     lineslope =  0       
          nactive = 14   nchange = 0   neval = 2   nupdate = 0

ENERGY =   0         0       

TIME =  0       

QPOS
   0       
   0       
   0       
   0       
   0       
   0       

QVEL
   0       
   0       
   0       
   0       
   0       
   0       

QACC_WARMSTART
   0       
   0       
   0       
   0       
   0       
   0       

QFRC_APPLIED
   0       
   0       
   0       
   0       
   0       
   0       

XFRC_APPLIED
   0         0         0         0         0         0       
   0         0         0         0         0         0       
   0         0         0         0         0         0       
   0         0         0         0         0         0       
   0         0         0         0         0         0       
   0         0         0         0         0         0       
   0         0         0         0         0         0       

QACC
  -0.00032 
  -12      
  -48      
  -62      
   3.5e+02 
  -1.3e+02 

XPOS
   0         0         0       
   0.085    -2.6e-05   0.28    
   0.085    -2.6e-05   0.28    
  -0.13     -0.00052   0.46    
   0.21     -0.00052   0.46    
   0.36     -0.00052   0.46    
   0.41     -0.00052   0.46    

XQUAT
   1         0         0         0       
   1         0         0         0       
  -0.24      0.24      0.66      0.66    
   0.5       0.5      -0.5       0.5     
   0.71     -1.5e-06  -0.71      5.3e-07 
   0.5       0.5      -0.5       0.5     
  -1.1e-06   0.71      5.3e-07   0.71    

XMAT
   1         0         0         0         1         0         0         0         1       
   1         0         0         0         1         0         0         0         1       
  -0.77      0.64     -9.7e-06  -5.6e-06   8.4e-06   1         0.64      0.77     -2.8e-06 
  -6.3e-06  -1         2.4e-06   2.8e-06  -2.4e-06  -1         1        -6.3e-06   2.8e-06 
  -6.3e-06   1.3e-06  -1         2.8e-06   1         1.3e-06   1        -2.8e-06  -6.3e-06 
  -1.4e-05  -1        -1.3e-06  -8.6e-07   1.3e-06  -1         1        -1.4e-05  -8.6e-07 
  -1.4e-05   2.4e-06   1        -8.6e-07  -1         2.4e-06   1        -8.6e-07   1.4e-05 

XIPOS
   0         0         0       
   0.085     0.0037    0.24    
  -0.01      0.0058    0.36    
   0.04     -0.00051   0.46    
   0.2       0.017     0.47    
   0.36     -0.0083    0.46    
   0.41     -0.00052   0.46    

XIMAT
   1         0         0         0         1         0         0         0         1       
   1         0.00061   0.011     0.0091    0.47     -0.88     -0.0056    0.88      0.47    
  -0.014    -0.65     -0.76      1        -0.014    -0.0058   -0.007    -0.76      0.65    
  -0.0013    2.4e-06   1         2.8e-06  -1         2.4e-06   1         2.8e-06   0.0013  
   0.41     -0.9       0.16      0.88      0.34     -0.33      0.24      0.27      0.93    
  -1.4e-05  -1        -1.3e-06   2.8e-06   1.3e-06  -1         1        -1.4e-05   2.8e-06 
   0.99     -0.099    -0.05      0.1       0.68      0.73     -0.038    -0.73      0.68    

XANCHOR
   0.085    -2.6e-05   0.28    
   0.085    -2.6e-05   0.28    
  -0.13     -0.00052   0.46    
   0.21     -0.00052   0.46    
   0.36     -0.00052   0.46    
   0.41     -0.00052   0.46    

XAXIS
   0         0        -1       
  -9.7e-06   1        -2.8e-06 
   2.4e-06  -1         2.8e-06 
  -1         1.3e-06  -6.3e-06 
  -1.3e-06  -1        -8.6e-07 
   1         2.4e-06   1.4e-05 

GEOM_XPOS
   0         0         0       
   5.3e-05  -3.5e-24   0.086   
   0.084     0.0026    0.24    
  -0.01      0.00082   0.36    
   0.041    -0.00055   0.46    
   0.2       0.024     0.45    
   0.28     -0.00052   0.46    
   0.36     -0.001     0.46    
   0.39     -0.00052   0.46    
   0.51     -0.00052   0.46    

GEOM_XMAT
   1         0         0         0         1         0         0         0         1       
   0         0         1         0        -1         0         1         0         0       
   1        -0.016    -0.0092   -0.013    -0.28     -0.96      0.013     0.96     -0.28    
   0.018    -0.64     -0.77      1         0.014     0.011     0.004    -0.77      0.64    
  -0.011    -0.00066   1         7.3e-05  -1        -0.00065   1         6.5e-05   0.011   
  -0.0035   -0.95     -0.32      0.058     0.32     -0.95      1        -0.022     0.054   
  -0.00022  -1        -0.0023   -3.5e-06   0.0023   -1         1        -0.00022  -4e-06   
  -1         1.4e-05  -1.3e-06   1.3e-06   6.6e-06  -1        -1.4e-05  -1        -6.6e-06 
   1        -2.8e-05   2.7e-05   3.9e-06   0.76      0.65     -3.9e-05  -0.65      0.76    
  -1.4e-05   2.4e-06   1        -8.6e-07  -1         2.4e-06   1        -8.6e-07   1.4e-05 

SUBTREE_COM
   0.09      0.0051    0.34    
   0.09      0.0051    0.34    
   0.094     0.0061    0.42    
   0.17      0.0063    0.47    
   0.26      0.011     0.47    
   0.4      -0.0025    0.46    
   0.41     -0.00052   0.46    

CDOF
   0         0        -1         0.0051   -0.0052    0       
  -9.7e-06   1        -2.8e-06   0.066     6.2e-07  -0.0052  
   2.4e-06  -1         2.8e-06   0.11      8.7e-07   0.22    
  -1         1.3e-06  -6.3e-06  -1.1e-07  -0.11     -0.0056  
  -1.3e-06  -1        -8.6e-07   0.11      8.5e-08  -0.27    
   1         2.4e-06   1.4e-05  -3.4e-07   0.11      0.0056  

CINERT
   0         0         0         0         0         0         0         0         0         0       
   0.033     0.029     0.0079    3.2e-05  -0.0011    0.00047  -0.01     -0.0026   -0.2       1.8     
   0.0071    0.026     0.02      1.4e-05   0.0069    2e-05    -0.12      0.00079   0.016     1.2     
   0.01      0.014     0.006    -0.00017   0.0036    0.00041  -0.03     -0.0034    0.072     0.6     
   0.012     0.02      0.0085   -0.00076  -0.0092   -0.00074   0.07      0.0074    0.081     0.62    
   0.0011    0.0063    0.0055    0.00027  -0.0022    0.00011   0.02     -0.00099   0.0082    0.074   
   0.0037    0.025     0.023     0.00038  -0.0075    0.00013   0.068    -0.0012    0.023     0.21    

CRB
   0         0         0         0         0         0         0         0         0         0       
   0.067     0.12      0.071    -0.00024  -0.0095    0.0004    7.3e-17  -2.6e-18  -1.9e-16   4.5     
   0.034     0.092     0.063    -0.00027  -0.0083   -7.1e-05   0.01      0.0026    0.2       2.7     
   0.027     0.065     0.043    -0.00028  -0.015    -9.1e-05   0.13      0.0018    0.18      1.5     
   0.016     0.051     0.037    -0.00011  -0.019    -0.0005    0.16      0.0052    0.11      0.9     
   0.0047    0.032     0.028     0.00065  -0.0097    0.00024   0.087    -0.0022    0.031     0.28    
   0.0037    0.025     0.023     0.00038  -0.0075    0.00013   0.068    -0.0012    0.023     0.21    

QM
   0.071   
   0.0022    0.13    
   2.1e-05  -0.076     0.17    
  -0.0015    0.0011   -0.0032    0.0028  
  -1.5e-06  -0.0048    0.0072    2e-06     0.0017  
   5.6e-07   1.9e-06  -2e-06    -0.0011   -2e-06     0.0011  

M
     0:  0.071   
     0:  0.0022     1:  0.13    
     0:  2.1e-05    1: -0.076      2:  0.17    
     0: -0.0015     1:  0.0011     2: -0.0032     3:  0.0028  
     0: -1.5e-06    1: -0.0048     2:  0.0072     3:  2e-06      4:  0.0017  
     0:  5.6e-07    1:  1.9e-06    2: -2e-06      3: -0.0011     4: -2e-06      5:  0.0011  

QLD
     0:  0.07    
     0:  0.021      1:  0.094   
     0: -0.021      1: -0.41       2:  0.13    
     0: -0.86       1:  0.61       2: -1.9        3:  0.0017  
     0: -0.00087    1: -2.9        2:  4.3        3: -2.4e-06    4:  0.0017  
     0:  0.00053    1:  0.0018     2: -0.0018     3: -1          4: -0.0018     5:  0.0011  

QLDIAGINV
   14      
   11      
   7.6     
   5.8e+02 
   6e+02   
   9.4e+02 

M: inertia structure
--------
 x      |
 xx     |
 xxx    |
 xxxx   |
 xxxxx  |
 xxxxxx |
--------

iM: block-diagonal inertia (nnzs are island ids)
--------
 0      |
 00     |
 000    |
 0000   |
 00000  |
 000000 |
--------

CONTACT
  0:
     dim           3
     geoms         1 : 2
     exclude       0
     efc_address   6
     solref         0.02      1       
     solimp         0.9       0.95      0.001     0.5       2       
     dist          -0.063   
     includemargin  0       
     pos            0.067     0.033     0.14    
     frame          0        -2.2e-16   1         0         1         2.2e-16  -1         0         0       
     friction       1         1         0.005     0.0001    0.0001  
     mu             1       
     force          4.7e+07   0.83     -1.5       0         0         0       
  1:
     dim           3
     geoms         6 : 8
     exclude       0
     efc_address   10
     solref         0.02      1       
     solimp         0.9       0.95      0.001     0.5       2       
     dist          -0.028   
     includemargin  0       
     pos            0.36     -0.00079   0.45    
     frame          0.72     -1.7e-06   0.7       1.2e-06   1         1.2e-06  -0.7       0         0.72    
     friction       1         1         0.005     0.0001    0.0001  
     mu             1       
     force          6.9e+02   0.68      1.3       0         0         0       

EFC_TYPE
  1
  1
  1
  1
  1
  1
  6
  6
  6
  6
  6
  6
  6
  6

EFC_ID
  0
  1
  2
  3
  4
  5
  0
  0
  0
  0
  1
  1
  1
  1

EFC_J
   1         0         0         0         0         0       
   0         1         0         0         0         0       
   0         0         1         0         0         0       
   0         0         0         1         0         0       
   0         0         0         0         1         0       
   0         0         0         0         0         1       
   0.018     0         0         0         0         0       
  -0.018     0         0         0         0         0       
  -0.033     0         0         0         0         0       
   0.033     0         0         0         0         0       
   0         0         0         0         0.00068   0.00089 
   0         0         0         0         0.00068  -0.0013  
   0         0         0         0        -0.00016  -0.00037 
   0         0         0         0         0.0015    4.7e-06 

IEFC_J
   1         0         0         0         0         0       
   0         1         0         0         0         0       
   0         0         1         0         0         0       
   0         0         0         1         0         0       
   0         0         0         0         1         0       
   0         0         0         0         0         1       
   0.018     0         0         0         0         0       
  -0.018     0         0         0         0         0       
  -0.033     0         0         0         0         0       
   0.033     0         0         0         0         0       
   0         0         0         0         0.00068   0.00089 
   0         0         0         0         0.00068  -0.0013  
   0         0         0         0        -0.00016  -0.00037 
   0         0         0         0         0.0015    4.7e-06 

EFC_POS
   0       
   0       
   0       
   0       
   0       
   0       
  -0.063   
  -0.063   
  -0.063   
  -0.063   
  -0.028   
  -0.028   
  -0.028   
  -0.028   

EFC_MARGIN
   0       
   0       
   0       
   0       
   0       
   0       
   0       
   0       
   0       
   0       
   0       
   0       
   0       
   0       

EFC_FRICTIONLOSS
   0.05    
   0.05    
   0.05    
   0.01    
   0.05    
   0.05    
   0       
   0       
   0       
   0       
   0       
   0       
   0       
   0       

EFC_DIAGAPPROX
   14      
   11      
   9.4     
   6.2e+02 
   7.5e+02 
   1.6e+03 
   0.00027 
   0.00027 
   0.00027 
   0.00027 
   8       
   8       
   8       
   8       

EFC_KBIP
   0         1.1e+02   0.9       0       
   0         1.1e+02   0.9       0       
   0         1.1e+02   0.9       0       
   0         1.1e+02   0.9       0       
   0         1.1e+02   0.9       0       
   0         1.1e+02   0.9       0       
   2.8e+03   1.1e+02   0.95      0       
   2.8e+03   1.1e+02   0.95      0       
   2.8e+03   1.1e+02   0.95      0       
   2.8e+03   1.1e+02   0.95      0       
   2.8e+03   1.1e+02   0.95      0       
   2.8e+03   1.1e+02   0.95      0       
   2.8e+03   1.1e+02   0.95      0       
   2.8e+03   1.1e+02   0.95      0       

EFC_D
   0.63    
   0.84    
   0.96    
   0.015   
   0.012   
   0.0058  
   7.1e+04 
   7.1e+04 
   7.1e+04 
   7.1e+04 
   2.4     
   2.4     
   2.4     
   2.4     

EFC_R
   1.6     
   1.2     
   1       
   68      
   83      
   1.7e+02 
   1.4e-05 
   1.4e-05 
   1.4e-05 
   1.4e-05 
   0.42    
   0.42    
   0.42    
   0.42    

CVEL
   0         0         0         0         0         0       
   0         0         0         0         0         0       
   0         0         0         0         0         0       
   0         0         0         0         0         0       
   0         0         0         0         0         0       
   0         0         0         0         0         0       
   0         0         0         0         0         0       

CDOF_DOT
  -0         0         0         0         0         0       
  -0         0         0        -0         0         0       
   0         0        -0         0         0         0       
  -0         0         0         0         0         0       
   0         0         0         0         0         0       
   0         0         0         0         0         0       

QFRC_BIAS
   0       
  -0.24    
   4.4     
  -0.1     
   0.11    
   7.7e-15 

QFRC_SPRING
   0       
   0       
   0       
   0       
   0       
   0       

QFRC_DAMPER
  -0       
  -0       
  -0       
  -0       
  -0       
  -0       

QFRC_GRAVCOMP
   0       
   0       
   0       
   0       
   0       
   0       

QFRC_FLUID
   0       
   0       
   0       
   0       
   0       
   0       

QFRC_PASSIVE
   0       
   0       
   0       
   0       
   0       
   0       

EFC_VEL
   0       
   0       
   0       
   0       
   0       
   0       
   0       
   0       
   0       
   0       
   0       
   0       
   0       
   0       

EFC_AREF
  -0       
  -0       
  -0       
  -0       
  -0       
  -0       
   1.7e+02 
   1.7e+02 
   1.7e+02 
   1.7e+02 
   73      
   73      
   73      
   73      

SUBTREE_LINVEL
   0         0         0       
   0         0         0       
   0         0         0       
   0         0         0       
   0         0         0       
   0         0         0       
   0         0         0       

SUBTREE_ANGMOM
   0         0         0       
   0         0         0       
   0         0         0       
   0         0         0       
   0         0         0       
   0         0         0       
   0         0         0       

QFRC_ACTUATOR
   0       
   0       
   0       
   0       
   0       
   0       

QFRC_SMOOTH
   0       
   0.24    
  -4.4     
   0.1     
  -0.11    
  -7.7e-15 

QACC_SMOOTH
   0.62    
  -18      
  -36      
   2.8     
   37      
   2.8     

EFC_B
   0.62    
  -18      
  -36      
   2.8     
   37      
   2.8     
  -1.7e+02 
  -1.7e+02 
  -1.7e+02 
  -1.7e+02 
  -73      
  -73      
  -73      
  -73      

EFC_FORCE
   0.0002  
   0.05    
   0.05    
   0.01    
  -0.05    
   0.05    
   1.2e+07 
   1.2e+07 
   1.2e+07 
   1.2e+07 
   1.7e+02 
   1.7e+02 
   1.7e+02 
   1.7e+02 

EFC_STATE
  3
  2
  2
  3
  3
  1
  1
  1
  1
  1
  1
  1
  1
  1

QFRC_CONSTRAINT
   0.064   
   0.05    
   0.05    
   0.01    
   0.42    
  -0.077   

QFRC_INVERSE
   0       
   0       
   0       
   0       
   0       
   0       

CACC
   0         0         0         0         0         0       
   0         0         0         0         0         0       
   0         0         0         0         0         0       
   0         0         0         0         0         0       
   0         0         0         0         0         0       
   0         0         0         0         0         0       
   0         0         0         0         0         0       

CFRC_INT
   0         0         0         0         0         0       
   0         0         0         0         0         0       
   0         0         0         0         0         0       
   0         0         0         0         0         0       
   0         0         0         0         0         0       
   0         0         0         0         0         0       
   0         0         0         0         0         0       

CFRC_EXT
   0         0         0         0         0         0       
   0         0         0         0         0         0       
   0         0         0         0         0         0       
   0         0         0         0         0         0       
   0         0         0         0         0         0       
   0         0         0         0         0         0       
   0         0         0         0         0         0       

DOF_ISLAND            0 0 0 0 0 0

ISLAND_NV             6

ISLAND_IDOFADR        0

MAP_IDOF2DOF          0 1 2 3 4 5

EFC_ISLAND            0 0 0 0 0 0 0 0 0 0 0 0 0 0

ISLAND_NEFC           14

ISLAND_IEFCADR        0

MAP_IEFC2EFC          0 1 2 3 4 5 6 7 8 9 10 11 12 13

